======================= MT-DREAM_ZS diagnostics file ======================

TABLE 3: MT-DREAM_ZS SINGLE CHAIN CONVERGENCE DIAGNOSTICS
=================================================== 
MCMC CONVERGENCE diagnostics for chain number  1 
Based on sample size =       5001 
=================================================== 
Autocorrelation for each parameter 
Variable           Lag 1        Lag 5       Lag 10       Lag 25 
variable 1         0.969        0.857        0.739        0.510 
variable 2         0.960        0.821        0.684        0.481 
variable 3         0.960        0.822        0.688        0.428 
variable 4         0.960        0.824        0.700        0.525 
variable 5         0.969        0.865        0.761        0.543 
variable 6         0.971        0.869        0.771        0.568 
variable 7         0.968        0.863        0.746        0.507 
variable 8         0.960        0.832        0.695        0.397 
variable 9         0.964        0.842        0.692        0.378 
variable 10        0.961        0.821        0.677        0.403 
variable 11        0.969        0.862        0.757        0.578 
variable 12        0.968        0.864        0.759        0.565 
variable 13        0.963        0.835        0.701        0.451 
variable 14        0.968        0.854        0.742        0.609 
variable 15        0.954        0.799        0.642        0.370 
variable 16        0.960        0.811        0.652        0.345 

Raftery-Lewis Diagnostics for each parameter 
(q=0.025000, r=0.010000, s=0.950000)
Variable          Thin       Burn   Total(N)     (Nmin)     I-stat 
variable 1           1         91      24904        937     26.578 
variable 2           1         91      24904        937     26.578 
variable 3           1         91      24904        937     26.578 
variable 4           1         91      24904        937     26.578 
variable 5           1         91      24904        937     26.578 
variable 6           1         91      24904        937     26.578 
variable 7           1         91      24904        937     26.578 
variable 8           1         91      24904        937     26.578 
variable 9           1         91      24904        937     26.578 
variable 10          1         91      24904        937     26.578 
variable 11          1         91      24904        937     26.578 
variable 12          1         91      24904        937     26.578 
variable 13          1         91      24904        937     26.578 
variable 14          1         91      24904        937     26.578 
variable 15          1         91      24904        937     26.578 
variable 16          1         91      24904        937     26.578 

Geweke Diagnostics for each parameter 
Variable            Mean      std dev      NSE iid      RNE iid 
variable 1      0.457173     0.278936     0.003945     1.000000 
variable 2     -0.225314     0.034270     0.000485     1.000000 
variable 3     37.955814    11.325592     0.160168     1.000000 
variable 4      0.930204     0.027621     0.000391     1.000000 
variable 5      0.030202     0.031086     0.000440     1.000000 
variable 6      0.564770     0.233067     0.003296     1.000000 
variable 7      0.344610     0.041537     0.000587     1.000000 
variable 8    349.756806   204.717845     2.895148     1.000000 
variable 9      0.156399     0.034896     0.000494     1.000000 
variable 10   646.508902   214.608998     3.035030     1.000000 
variable 11     0.625078     0.028330     0.000401     1.000000 
variable 12     0.037847     0.003948     0.000056     1.000000 
variable 13    31.136392     3.090369     0.043704     1.000000 
variable 14     0.178019     0.102178     0.001445     1.000000 
variable 15     1.050736     0.046051     0.000651     1.000000 
variable 16     0.817973     0.019623     0.000278     1.000000 

Variable          NSE 4%       RNE 4%       NSE 8%       RNE 8%      NSE 15%      RNE 15% 
variable 1      0.029516     0.017862     0.031530     0.015653     0.029653     0.017697 
variable 2      0.006908     0.004923     0.007806     0.003855     0.007086     0.004677 
variable 3      1.301820     0.015137     1.447950     0.012236     1.449640     0.012208 
variable 4      0.004159     0.008821     0.004155     0.008839     0.002961     0.017404 
variable 5      0.004377     0.010088     0.005220     0.007092     0.004989     0.007765 
variable 6      0.030928     0.011358     0.030137     0.011962     0.022511     0.021440 
variable 7      0.003826     0.023568     0.003026     0.037694     0.002426     0.058622 
variable 8     15.972949     0.032853    13.161129     0.048390    10.117850     0.081878 
variable 9      0.002591     0.036284     0.001791     0.075891     0.001358     0.132001 
variable 10    17.575589     0.029820    11.552604     0.069019     8.283115     0.134257 
variable 11     0.003466     0.013361     0.002968     0.018223     0.002665     0.022603 
variable 12     0.000658     0.007207     0.000658     0.007190     0.000454     0.015134 
variable 13     0.246041     0.031553     0.227446     0.036923     0.200396     0.047563 
variable 14     0.021376     0.004570     0.024330     0.003528     0.023320     0.003840 
variable 15     0.002335     0.077790     0.001776     0.134427     0.001761     0.136754 
variable 16     0.003085     0.008093     0.003389     0.006704     0.003191     0.007564 

=================================================== 
MCMC CONVERGENCE diagnostics for chain number  2 
Based on sample size =       5001 
=================================================== 
Autocorrelation for each parameter 
Variable           Lag 1        Lag 5       Lag 10       Lag 25 
variable 1         0.961        0.813        0.664        0.403 
variable 2         0.961        0.840        0.721        0.501 
variable 3         0.969        0.859        0.756        0.553 
variable 4         0.963        0.840        0.736        0.489 
variable 5         0.953        0.782        0.613        0.314 
variable 6         0.967        0.842        0.708        0.415 
variable 7         0.968        0.860        0.744        0.491 
variable 8         0.959        0.818        0.680        0.381 
variable 9         0.970        0.857        0.723        0.432 
variable 10        0.971        0.870        0.773        0.576 
variable 11        0.967        0.848        0.716        0.401 
variable 12        0.967        0.846        0.723        0.475 
variable 13        0.954        0.802        0.654        0.373 
variable 14        0.971        0.873        0.780        0.562 
variable 15        0.967        0.859        0.747        0.556 
variable 16        0.953        0.785        0.611        0.350 

Raftery-Lewis Diagnostics for each parameter 
(q=0.025000, r=0.010000, s=0.950000)
Variable          Thin       Burn   Total(N)     (Nmin)     I-stat 
variable 1           1         54      14797        937     15.792 
variable 2           1         54      14797        937     15.792 
variable 3           1         54      14797        937     15.792 
variable 4           1         54      14797        937     15.792 
variable 5           1         54      14797        937     15.792 
variable 6           1         54      14797        937     15.792 
variable 7           1         54      14797        937     15.792 
variable 8           1         54      14797        937     15.792 
variable 9           1         54      14797        937     15.792 
variable 10          1         54      14797        937     15.792 
variable 11          1         54      14797        937     15.792 
variable 12          1         54      14797        937     15.792 
variable 13          1         54      14797        937     15.792 
variable 14          1         54      14797        937     15.792 
variable 15          1         54      14797        937     15.792 
variable 16          1         54      14797        937     15.792 

Geweke Diagnostics for each parameter 
Variable            Mean      std dev      NSE iid      RNE iid 
variable 1      0.406273     0.247344     0.003498     1.000000 
variable 2     -0.227249     0.029629     0.000419     1.000000 
variable 3     41.412390    12.144292     0.171746     1.000000 
variable 4      0.932973     0.023319     0.000330     1.000000 
variable 5      0.025655     0.022031     0.000312     1.000000 
variable 6      0.469740     0.193536     0.002737     1.000000 
variable 7      0.348918     0.036096     0.000510     1.000000 
variable 8    368.024917   208.322202     2.946121     1.000000 
variable 9      0.148031     0.038676     0.000547     1.000000 
variable 10   618.931972   230.644809     3.261810     1.000000 
variable 11     0.625949     0.024199     0.000342     1.000000 
variable 12     0.037797     0.003570     0.000050     1.000000 
variable 13    32.290813     2.645885     0.037418     1.000000 
variable 14     0.177478     0.095955     0.001357     1.000000 
variable 15     1.050540     0.043168     0.000610     1.000000 
variable 16     0.815821     0.018629     0.000263     1.000000 

Variable          NSE 4%       RNE 4%       NSE 8%       RNE 8%      NSE 15%      RNE 15% 
variable 1      0.030457     0.013191     0.033733     0.010753     0.026612     0.017277 
variable 2      0.005506     0.005791     0.005766     0.005280     0.005581     0.005637 
variable 3      1.869404     0.008441     2.186224     0.006171     2.067488     0.006901 
variable 4      0.002977     0.012271     0.002358     0.019561     0.001793     0.033826 
variable 5      0.002583     0.014548     0.002832     0.012101     0.002760     0.012745 
variable 6      0.019933     0.018854     0.018429     0.022058     0.015381     0.031666 
variable 7      0.004324     0.013937     0.003797     0.018070     0.003216     0.025192 
variable 8     16.712691     0.031075    18.188061     0.026238    16.948968     0.030214 
variable 9      0.002055     0.070831     0.001685     0.105342     0.001042     0.275763 
variable 10    23.815491     0.018759    22.182810     0.021621    18.604050     0.030740 
variable 11     0.002822     0.014709     0.003228     0.011239     0.003333     0.010543 
variable 12     0.000430     0.013753     0.000513     0.009675     0.000521     0.009377 
variable 13     0.274362     0.018600     0.210949     0.031464     0.152632     0.060101 
variable 14     0.019316     0.004935     0.020317     0.004461     0.020394     0.004427 
variable 15     0.007157     0.007277     0.006991     0.007625     0.006305     0.009375 
variable 16     0.001898     0.019269     0.002206     0.014265     0.002176     0.014659 

=================================================== 
MCMC CONVERGENCE diagnostics for chain number  3 
Based on sample size =       5001 
=================================================== 
Autocorrelation for each parameter 
Variable           Lag 1        Lag 5       Lag 10       Lag 25 
variable 1         0.977        0.895        0.802        0.570 
variable 2         0.927        0.700        0.503        0.183 
variable 3         0.962        0.829        0.698        0.496 
variable 4         0.946        0.779        0.621        0.391 
variable 5         0.953        0.794        0.627        0.346 
variable 6         0.967        0.846        0.722        0.490 
variable 7         0.963        0.833        0.719        0.493 
variable 8         0.966        0.841        0.701        0.433 
variable 9         0.968        0.848        0.725        0.449 
variable 10        0.970        0.856        0.738        0.481 
variable 11        0.956        0.807        0.692        0.470 
variable 12        0.967        0.858        0.751        0.513 
variable 13        0.965        0.834        0.705        0.465 
variable 14        0.942        0.761        0.591        0.309 
variable 15        0.967        0.853        0.731        0.463 
variable 16        0.969        0.863        0.762        0.545 

Raftery-Lewis Diagnostics for each parameter 
(q=0.025000, r=0.010000, s=0.950000)
Variable          Thin       Burn   Total(N)     (Nmin)     I-stat 
variable 1           1        140      39020        937     41.644 
variable 2           1        140      39020        937     41.644 
variable 3           1        140      39020        937     41.644 
variable 4           1        140      39020        937     41.644 
variable 5           1        140      39020        937     41.644 
variable 6           1        140      39020        937     41.644 
variable 7           1        140      39020        937     41.644 
variable 8           1        140      39020        937     41.644 
variable 9           1        140      39020        937     41.644 
variable 10          1        140      39020        937     41.644 
variable 11          1        140      39020        937     41.644 
variable 12          1        140      39020        937     41.644 
variable 13          1        140      39020        937     41.644 
variable 14          1        140      39020        937     41.644 
variable 15          1        140      39020        937     41.644 
variable 16          1        140      39020        937     41.644 

Geweke Diagnostics for each parameter 
Variable            Mean      std dev      NSE iid      RNE iid 
variable 1      0.450653     0.280894     0.003972     1.000000 
variable 2     -0.233875     0.018359     0.000260     1.000000 
variable 3     39.508173     9.636695     0.136283     1.000000 
variable 4      0.934960     0.018776     0.000266     1.000000 
variable 5      0.024764     0.020631     0.000292     1.000000 
variable 6      0.528424     0.177339     0.002508     1.000000 
variable 7      0.343222     0.036275     0.000513     1.000000 
variable 8    318.269221   224.719927     3.178020     1.000000 
variable 9      0.152811     0.036923     0.000522     1.000000 
variable 10   625.219132   230.710171     3.262735     1.000000 
variable 11     0.624077     0.021786     0.000308     1.000000 
variable 12     0.037009     0.003543     0.000050     1.000000 
variable 13    31.538382     2.939299     0.041568     1.000000 
variable 14     0.189175     0.062152     0.000879     1.000000 
variable 15     1.044678     0.044841     0.000634     1.000000 
variable 16     0.811408     0.025015     0.000354     1.000000 

Variable          NSE 4%       RNE 4%       NSE 8%       RNE 8%      NSE 15%      RNE 15% 
variable 1      0.036919     0.011577     0.034032     0.013625     0.028457     0.019487 
variable 2      0.001633     0.025289     0.001860     0.019489     0.001897     0.018729 
variable 3      0.901343     0.022862     0.641894     0.045078     0.632372     0.046445 
variable 4      0.002971     0.007989     0.002764     0.009228     0.002218     0.014332 
variable 5      0.002977     0.009605     0.003429     0.007241     0.002939     0.009857 
variable 6      0.015261     0.027005     0.012606     0.039580     0.011653     0.046319 
variable 7      0.002384     0.046298     0.001915     0.071770     0.001651     0.096540 
variable 8     18.854255     0.028412    14.808800     0.046055    12.790738     0.061734 
variable 9      0.003572     0.021374     0.003638     0.020603     0.003007     0.030155 
variable 10    23.436946     0.019380    24.823902     0.017275    18.314117     0.031739 
variable 11     0.002148     0.020578     0.002235     0.019009     0.002308     0.017821 
variable 12     0.000532     0.008886     0.000599     0.007004     0.000561     0.007980 
variable 13     0.372854     0.012429     0.445741     0.008697     0.425383     0.009549 
variable 14     0.010060     0.007634     0.011731     0.005614     0.011520     0.005821 
variable 15     0.003360     0.035614     0.002359     0.072272     0.002054     0.095353 
variable 16     0.003349     0.011158     0.003271     0.011699     0.002607     0.018409 

===================== End MT-DREAM_ZS diagnostics file ====================
