======================= MT-DREAM_ZS diagnostics file ======================

TABLE 3: MT-DREAM_ZS SINGLE CHAIN CONVERGENCE DIAGNOSTICS
=================================================== 
MCMC CONVERGENCE diagnostics for chain number  1 
Based on sample size =       5001 
=================================================== 
Autocorrelation for each parameter 
Variable           Lag 1        Lag 5       Lag 10       Lag 25 
variable 1         0.959        0.842        0.723        0.485 
variable 2         0.956        0.813        0.678        0.369 
variable 3         0.961        0.831        0.699        0.379 
variable 4         0.974        0.902        0.843        0.676 
variable 5         0.970        0.861        0.757        0.496 
variable 6         0.955        0.797        0.643        0.417 
variable 7         0.945        0.764        0.598        0.308 
variable 8         0.959        0.819        0.707        0.476 
variable 9         0.959        0.824        0.698        0.477 
variable 10        0.960        0.823        0.675        0.379 
variable 11        0.969        0.854        0.730        0.483 
variable 12        0.960        0.821        0.665        0.400 
variable 13        0.964        0.836        0.704        0.402 
variable 14        0.959        0.807        0.634        0.329 
variable 15        0.952        0.781        0.617        0.282 
variable 16        0.964        0.841        0.724        0.475 

Raftery-Lewis Diagnostics for each parameter 
(q=0.025000, r=0.010000, s=0.950000)
Variable          Thin       Burn   Total(N)     (Nmin)     I-stat 
variable 1           1         34       9469        937     10.106 
variable 2           1         34       9469        937     10.106 
variable 3           1         34       9469        937     10.106 
variable 4           1         34       9469        937     10.106 
variable 5           1         34       9469        937     10.106 
variable 6           1         34       9469        937     10.106 
variable 7           1         34       9469        937     10.106 
variable 8           1         34       9469        937     10.106 
variable 9           1         34       9469        937     10.106 
variable 10          1         34       9469        937     10.106 
variable 11          1         34       9469        937     10.106 
variable 12          1         34       9469        937     10.106 
variable 13          1         34       9469        937     10.106 
variable 14          1         34       9469        937     10.106 
variable 15          1         34       9469        937     10.106 
variable 16          1         34       9469        937     10.106 

Geweke Diagnostics for each parameter 
Variable            Mean      std dev      NSE iid      RNE iid 
variable 1      0.448172     0.290167     0.004104     1.000000 
variable 2      0.228125     0.021506     0.000304     1.000000 
variable 3     20.935557    17.080313     0.241552     1.000000 
variable 4      0.911721     0.110565     0.001564     1.000000 
variable 5      0.375934     0.304299     0.004303     1.000000 
variable 6    338.124552   127.624088     1.804877     1.000000 
variable 7      0.963410     0.041926     0.000593     1.000000 
variable 8   1999.270054  1557.920075    22.032317     1.000000 
variable 9      0.093857     0.050058     0.000708     1.000000 
variable 10   451.319924   280.120488     3.961502     1.000000 
variable 11     0.507761     0.234805     0.003321     1.000000 
variable 12     0.088547     0.030231     0.000428     1.000000 
variable 13   142.284418    33.783308     0.477768     1.000000 
variable 14    -0.190417     0.060350     0.000853     1.000000 
variable 15    16.970754     4.504521     0.063704     1.000000 
variable 16     0.501331     0.001402     0.000020     1.000000 

Variable          NSE 4%       RNE 4%       NSE 8%       RNE 8%      NSE 15%      RNE 15% 
variable 1      0.030089     0.018599     0.030063     0.018632     0.023815     0.029691 
variable 2      0.001877     0.026247     0.001916     0.025191     0.001280     0.056476 
variable 3      1.559334     0.023996     1.501595     0.025877     1.396147     0.029934 
variable 4      0.015825     0.009763     0.014121     0.012261     0.009936     0.024768 
variable 5      0.045838     0.008814     0.040782     0.011135     0.026515     0.026342 
variable 6     13.375703     0.018208    11.855416     0.023177     8.083869     0.049849 
variable 7      0.005135     0.013333     0.005749     0.010639     0.005604     0.011195 
variable 8    135.352454     0.026496   102.052490     0.046609    86.000116     0.065633 
variable 9      0.004411     0.025759     0.004121     0.029507     0.003886     0.033185 
variable 10    24.288730     0.026602    24.289352     0.026600    24.158252     0.026890 
variable 11     0.020111     0.027263     0.017365     0.036567     0.013384     0.061554 
variable 12     0.002508     0.029051     0.002661     0.025805     0.002264     0.035651 
variable 13     2.381554     0.040245     2.196105     0.047329     1.941498     0.060556 
variable 14     0.006598     0.016730     0.006270     0.018526     0.004401     0.037616 
variable 15     0.326825     0.037992     0.304667     0.043720     0.197437     0.104104 
variable 16     0.000126     0.024602     0.000111     0.031685     0.000086     0.053161 

=================================================== 
MCMC CONVERGENCE diagnostics for chain number  2 
Based on sample size =       5001 
=================================================== 
Autocorrelation for each parameter 
Variable           Lag 1        Lag 5       Lag 10       Lag 25 
variable 1         0.959        0.815        0.677        0.424 
variable 2         0.958        0.814        0.660        0.354 
variable 3         0.960        0.822        0.676        0.418 
variable 4         0.983        0.924        0.865        0.720 
variable 5         0.966        0.861        0.779        0.587 
variable 6         0.963        0.836        0.700        0.440 
variable 7         0.965        0.840        0.721        0.456 
variable 8         0.966        0.843        0.711        0.451 
variable 9         0.961        0.829        0.702        0.432 
variable 10        0.963        0.832        0.688        0.405 
variable 11        0.971        0.863        0.753        0.521 
variable 12        0.961        0.821        0.684        0.428 
variable 13        0.964        0.834        0.711        0.468 
variable 14        0.971        0.866        0.764        0.532 
variable 15        0.952        0.792        0.653        0.383 
variable 16        0.940        0.739        0.538        0.179 

Raftery-Lewis Diagnostics for each parameter 
(q=0.025000, r=0.010000, s=0.950000)
Variable          Thin       Burn   Total(N)     (Nmin)     I-stat 
variable 1           1         38      11080        937     11.825 
variable 2           1         38      11080        937     11.825 
variable 3           1         38      11080        937     11.825 
variable 4           1         38      11080        937     11.825 
variable 5           1         38      11080        937     11.825 
variable 6           1         38      11080        937     11.825 
variable 7           1         38      11080        937     11.825 
variable 8           1         38      11080        937     11.825 
variable 9           1         38      11080        937     11.825 
variable 10          1         38      11080        937     11.825 
variable 11          1         38      11080        937     11.825 
variable 12          1         38      11080        937     11.825 
variable 13          1         38      11080        937     11.825 
variable 14          1         38      11080        937     11.825 
variable 15          1         38      11080        937     11.825 
variable 16          1         38      11080        937     11.825 

Geweke Diagnostics for each parameter 
Variable            Mean      std dev      NSE iid      RNE iid 
variable 1      0.428116     0.276357     0.003908     1.000000 
variable 2      0.227883     0.021473     0.000304     1.000000 
variable 3     22.264697    18.386327     0.260022     1.000000 
variable 4      0.906878     0.113773     0.001609     1.000000 
variable 5      0.354979     0.281509     0.003981     1.000000 
variable 6    320.502064   130.616462     1.847196     1.000000 
variable 7      0.949989     0.057001     0.000806     1.000000 
variable 8   1930.735351  1590.964661    22.499638     1.000000 
variable 9      0.103755     0.053578     0.000758     1.000000 
variable 10   402.846223   269.868775     3.816521     1.000000 
variable 11     0.474184     0.252043     0.003564     1.000000 
variable 12     0.088494     0.027512     0.000389     1.000000 
variable 13   139.069736    29.960243     0.423702     1.000000 
variable 14    -0.196116     0.062721     0.000887     1.000000 
variable 15    16.821957     4.847249     0.068550     1.000000 
variable 16     0.500919     0.001006     0.000014     1.000000 

Variable          NSE 4%       RNE 4%       NSE 8%       RNE 8%      NSE 15%      RNE 15% 
variable 1      0.020854     0.035122     0.015934     0.060163     0.010612     0.135643 
variable 2      0.001009     0.090498     0.001026     0.087536     0.000723     0.176285 
variable 3      1.169261     0.049454     0.959649     0.073417     0.864685     0.090428 
variable 4      0.020070     0.006427     0.017188     0.008763     0.016337     0.009699 
variable 5      0.045245     0.007742     0.047301     0.007084     0.047318     0.007079 
variable 6     11.356178     0.026458     9.655581     0.036599     7.157390     0.066606 
variable 7      0.006354     0.016098     0.006779     0.014141     0.005969     0.018239 
variable 8    119.994884     0.035158    95.416073     0.055604    69.594491     0.104520 
variable 9      0.004852     0.024387     0.004196     0.032614     0.003286     0.053175 
variable 10    19.001015     0.040344    20.259808     0.035487    17.352178     0.048376 
variable 11     0.021911     0.026465     0.012448     0.081991     0.011056     0.103934 
variable 12     0.001670     0.054250     0.001599     0.059207     0.001523     0.065225 
variable 13     2.220544     0.036408     1.832711     0.053448     1.181818     0.128535 
variable 14     0.005462     0.026376     0.003660     0.058720     0.002624     0.114308 
variable 15     0.509055     0.018134     0.543264     0.015922     0.465906     0.021648 
variable 16     0.000053     0.071346     0.000045     0.101955     0.000033     0.186782 

=================================================== 
MCMC CONVERGENCE diagnostics for chain number  3 
Based on sample size =       5001 
=================================================== 
Autocorrelation for each parameter 
Variable           Lag 1        Lag 5       Lag 10       Lag 25 
variable 1         0.950        0.784        0.623        0.279 
variable 2         0.976        0.879        0.766        0.510 
variable 3         0.962        0.833        0.710        0.436 
variable 4         0.982        0.915        0.842        0.665 
variable 5         0.965        0.848        0.723        0.469 
variable 6         0.959        0.820        0.676        0.425 
variable 7         0.971        0.870        0.761        0.494 
variable 8         0.957        0.813        0.653        0.363 
variable 9         0.962        0.831        0.699        0.410 
variable 10        0.957        0.813        0.663        0.377 
variable 11        0.966        0.847        0.735        0.468 
variable 12        0.958        0.801        0.661        0.360 
variable 13        0.962        0.830        0.702        0.405 
variable 14        0.963        0.823        0.673        0.392 
variable 15        0.957        0.815        0.678        0.389 
variable 16        0.954        0.786        0.613        0.297 

Raftery-Lewis Diagnostics for each parameter 
(q=0.025000, r=0.010000, s=0.950000)
Variable          Thin       Burn   Total(N)     (Nmin)     I-stat 
variable 1           1         72      21157        937     22.580 
variable 2           1         72      21157        937     22.580 
variable 3           1         72      21157        937     22.580 
variable 4           1         72      21157        937     22.580 
variable 5           1         72      21157        937     22.580 
variable 6           1         72      21157        937     22.580 
variable 7           1         72      21157        937     22.580 
variable 8           1         72      21157        937     22.580 
variable 9           1         72      21157        937     22.580 
variable 10          1         72      21157        937     22.580 
variable 11          1         72      21157        937     22.580 
variable 12          1         72      21157        937     22.580 
variable 13          1         72      21157        937     22.580 
variable 14          1         72      21157        937     22.580 
variable 15          1         72      21157        937     22.580 
variable 16          1         72      21157        937     22.580 

Geweke Diagnostics for each parameter 
Variable            Mean      std dev      NSE iid      RNE iid 
variable 1      0.381519     0.252839     0.003576     1.000000 
variable 2      0.222810     0.033903     0.000479     1.000000 
variable 3     20.094138    17.507253     0.247590     1.000000 
variable 4      0.915658     0.111806     0.001581     1.000000 
variable 5      0.352903     0.296943     0.004199     1.000000 
variable 6    326.169993   140.743200     1.990409     1.000000 
variable 7      0.951389     0.059022     0.000835     1.000000 
variable 8   2111.773768  1570.148570    22.205254     1.000000 
variable 9      0.101088     0.053928     0.000763     1.000000 
variable 10   429.699045   299.699813     4.238395     1.000000 
variable 11     0.516623     0.237841     0.003364     1.000000 
variable 12     0.090724     0.031834     0.000450     1.000000 
variable 13   138.108192    35.508596     0.502167     1.000000 
variable 14    -0.181289     0.062298     0.000881     1.000000 
variable 15    16.911403     5.082490     0.071877     1.000000 
variable 16     0.501146     0.001196     0.000017     1.000000 

Variable          NSE 4%       RNE 4%       NSE 8%       RNE 8%      NSE 15%      RNE 15% 
variable 1      0.027324     0.017124     0.025621     0.019477     0.025928     0.019019 
variable 2      0.002961     0.026225     0.003213     0.022266     0.002517     0.036287 
variable 3      1.612607     0.023573     1.443195     0.029432     0.966684     0.065599 
variable 4      0.015042     0.011050     0.013334     0.014062     0.009940     0.025303 
variable 5      0.024507     0.029362     0.022299     0.035467     0.019280     0.047440 
variable 6     12.117567     0.026981    11.582190     0.029533    10.166467     0.038331 
variable 7      0.006233     0.017933     0.006376     0.017136     0.004940     0.028548 
variable 8    139.795054     0.025231   128.973355     0.029642   109.561988     0.041076 
variable 9      0.007140     0.011409     0.008181     0.008691     0.007740     0.009708 
variable 10    21.274606     0.039690    17.286518     0.060116    16.354917     0.067159 
variable 11     0.027970     0.014461     0.028988     0.013464     0.023238     0.020951 
variable 12     0.001849     0.059291     0.001717     0.068785     0.001202     0.140377 
variable 13     2.848634     0.031076     2.910936     0.029760     2.285641     0.048270 
variable 14     0.008800     0.010023     0.008319     0.011216     0.005720     0.023722 
variable 15     0.435582     0.027230     0.326298     0.048524     0.218284     0.108428 
variable 16     0.000076     0.049119     0.000060     0.080082     0.000051     0.108994 

===================== End MT-DREAM_ZS diagnostics file ====================
