======================= MT-DREAM_ZS diagnostics file ======================

TABLE 3: MT-DREAM_ZS SINGLE CHAIN CONVERGENCE DIAGNOSTICS
=================================================== 
MCMC CONVERGENCE diagnostics for chain number  1 
Based on sample size =       5001 
=================================================== 
Autocorrelation for each parameter 
Variable           Lag 1        Lag 5       Lag 10       Lag 25 
variable 1         0.962        0.830        0.699        0.428 
variable 2         0.972        0.875        0.763        0.506 
variable 3         0.966        0.841        0.696        0.361 
variable 4         0.979        0.903        0.817        0.610 
variable 5         0.966        0.852        0.749        0.520 
variable 6         0.972        0.873        0.763        0.411 
variable 7         0.968        0.848        0.727        0.513 
variable 8         0.953        0.786        0.629        0.326 
variable 9         0.965        0.843        0.714        0.482 
variable 10        0.962        0.830        0.691        0.392 
variable 11        0.954        0.795        0.640        0.358 
variable 12        0.967        0.859        0.742        0.515 
variable 13        0.960        0.824        0.686        0.373 
variable 14        0.976        0.887        0.801        0.614 
variable 15        0.967        0.852        0.710        0.434 
variable 16        0.955        0.797        0.626        0.279 

Raftery-Lewis Diagnostics for each parameter 
(q=0.025000, r=0.010000, s=0.950000)
Variable          Thin       Burn   Total(N)     (Nmin)     I-stat 
variable 1           1         27       7484        937      7.987 
variable 2           1         27       7484        937      7.987 
variable 3           1         27       7484        937      7.987 
variable 4           1         27       7484        937      7.987 
variable 5           1         27       7484        937      7.987 
variable 6           1         27       7484        937      7.987 
variable 7           1         27       7484        937      7.987 
variable 8           1         27       7484        937      7.987 
variable 9           1         27       7484        937      7.987 
variable 10          1         27       7484        937      7.987 
variable 11          1         27       7484        937      7.987 
variable 12          1         27       7484        937      7.987 
variable 13          1         27       7484        937      7.987 
variable 14          1         27       7484        937      7.987 
variable 15          1         27       7484        937      7.987 
variable 16          1         27       7484        937      7.987 

Geweke Diagnostics for each parameter 
Variable            Mean      std dev      NSE iid      RNE iid 
variable 1      0.483535     0.275228     0.003892     1.000000 
variable 2     -0.206949     0.036910     0.000522     1.000000 
variable 3     10.753680    12.132403     0.171578     1.000000 
variable 4      0.933260     0.066627     0.000942     1.000000 
variable 5      0.054428     0.052038     0.000736     1.000000 
variable 6      1.087600     1.490984     0.021086     1.000000 
variable 7      0.566766     0.169087     0.002391     1.000000 
variable 8    447.593473   240.731300     3.404455     1.000000 
variable 9      0.107880     0.051077     0.000722     1.000000 
variable 10   666.513873   245.980005     3.478683     1.000000 
variable 11     0.660413     0.062502     0.000884     1.000000 
variable 12     0.049036     0.013240     0.000187     1.000000 
variable 13    42.839704     8.255872     0.116756     1.000000 
variable 14     0.130358     0.135224     0.001912     1.000000 
variable 15     1.101765     0.124216     0.001757     1.000000 
variable 16     0.501477     0.001536     0.000022     1.000000 

Variable          NSE 4%       RNE 4%       NSE 8%       RNE 8%      NSE 15%      RNE 15% 
variable 1      0.035495     0.012025     0.039617     0.009653     0.033872     0.013205 
variable 2      0.004195     0.015480     0.003854     0.018345     0.003633     0.020642 
variable 3      0.817765     0.044022     0.506840     0.114599     0.394905     0.188772 
variable 4      0.008712     0.011699     0.005624     0.028069     0.004274     0.048600 
variable 5      0.006372     0.013340     0.006883     0.011432     0.006713     0.012018 
variable 6      0.146929     0.020595     0.127212     0.027474     0.091786     0.052774 
variable 7      0.028772     0.006907     0.028792     0.006898     0.022212     0.011589 
variable 8     24.650786     0.019074    22.809451     0.022277    15.785303     0.046515 
variable 9      0.006298     0.013155     0.006987     0.010687     0.006008     0.014456 
variable 10    18.963519     0.033651    14.702339     0.055983     8.372200     0.172644 
variable 11     0.005097     0.030080     0.004130     0.045804     0.003539     0.062370 
variable 12     0.001438     0.016947     0.001178     0.025272     0.000698     0.071976 
variable 13     0.507188     0.052993     0.451547     0.066858     0.432238     0.072964 
variable 14     0.021188     0.008146     0.017605     0.011799     0.013382     0.020423 
variable 15     0.009717     0.032681     0.006242     0.079191     0.005025     0.122202 
variable 16     0.000093     0.054563     0.000078     0.077449     0.000069     0.100431 

=================================================== 
MCMC CONVERGENCE diagnostics for chain number  2 
Based on sample size =       5001 
=================================================== 
Autocorrelation for each parameter 
Variable           Lag 1        Lag 5       Lag 10       Lag 25 
variable 1         0.965        0.846        0.722        0.476 
variable 2         0.953        0.787        0.637        0.304 
variable 3         0.954        0.787        0.611        0.349 
variable 4         0.971        0.864        0.739        0.451 
variable 5         0.945        0.772        0.603        0.287 
variable 6         0.969        0.875        0.762        0.495 
variable 7         0.963        0.835        0.707        0.441 
variable 8         0.954        0.796        0.651        0.357 
variable 9         0.964        0.829        0.699        0.433 
variable 10        0.952        0.793        0.664        0.382 
variable 11        0.943        0.773        0.625        0.387 
variable 12        0.949        0.788        0.618        0.277 
variable 13        0.961        0.839        0.709        0.376 
variable 14        0.966        0.842        0.710        0.417 
variable 15        0.952        0.799        0.625        0.311 
variable 16        0.947        0.729        0.478        0.094 

Raftery-Lewis Diagnostics for each parameter 
(q=0.025000, r=0.010000, s=0.950000)
Variable          Thin       Burn   Total(N)     (Nmin)     I-stat 
variable 1           1         44      13609        937     14.524 
variable 2           1         44      13609        937     14.524 
variable 3           1         44      13609        937     14.524 
variable 4           1         44      13609        937     14.524 
variable 5           1         44      13609        937     14.524 
variable 6           1         44      13609        937     14.524 
variable 7           1         44      13609        937     14.524 
variable 8           1         44      13609        937     14.524 
variable 9           1         44      13609        937     14.524 
variable 10          1         44      13609        937     14.524 
variable 11          1         44      13609        937     14.524 
variable 12          1         44      13609        937     14.524 
variable 13          1         44      13609        937     14.524 
variable 14          1         44      13609        937     14.524 
variable 15          1         44      13609        937     14.524 
variable 16          1         44      13609        937     14.524 

Geweke Diagnostics for each parameter 
Variable            Mean      std dev      NSE iid      RNE iid 
variable 1      0.472653     0.286226     0.004048     1.000000 
variable 2     -0.219472     0.028270     0.000400     1.000000 
variable 3     12.245688    10.599786     0.149904     1.000000 
variable 4      0.943138     0.052835     0.000747     1.000000 
variable 5      0.041397     0.036254     0.000513     1.000000 
variable 6      1.190133     1.001826     0.014168     1.000000 
variable 7      0.555849     0.163092     0.002306     1.000000 
variable 8    391.798886   242.721825     3.432605     1.000000 
variable 9      0.109895     0.052501     0.000742     1.000000 
variable 10   644.410826   233.261615     3.298817     1.000000 
variable 11     0.653047     0.056351     0.000797     1.000000 
variable 12     0.044115     0.011113     0.000157     1.000000 
variable 13    43.521251     8.624380     0.121967     1.000000 
variable 14     0.139186     0.113358     0.001603     1.000000 
variable 15     1.090129     0.101784     0.001439     1.000000 
variable 16     0.501632     0.001973     0.000028     1.000000 

Variable          NSE 4%       RNE 4%       NSE 8%       RNE 8%      NSE 15%      RNE 15% 
variable 1      0.030548     0.017559     0.030654     0.017437     0.023008     0.030952 
variable 2      0.002014     0.039421     0.001991     0.040309     0.001589     0.063303 
variable 3      0.791600     0.035860     0.803834     0.034777     0.692851     0.046811 
variable 4      0.006217     0.014445     0.005064     0.021771     0.003417     0.047827 
variable 5      0.001490     0.118484     0.001192     0.184941     0.000852     0.361980 
variable 6      0.107504     0.017369     0.098102     0.020858     0.097894     0.020946 
variable 7      0.014827     0.024200     0.012783     0.032558     0.012343     0.034921 
variable 8     19.781054     0.030113    19.168223     0.032069    16.950302     0.041010 
variable 9      0.007803     0.009054     0.006298     0.013899     0.003617     0.042133 
variable 10    17.477106     0.035627    14.008019     0.055458    11.426466     0.083348 
variable 11     0.006255     0.016231     0.004904     0.026406     0.003663     0.047327 
variable 12     0.000798     0.038825     0.000828     0.036050     0.000692     0.051655 
variable 13     0.533759     0.052215     0.473774     0.066274     0.332591     0.134482 
variable 14     0.014420     0.012360     0.013706     0.013681     0.010135     0.025022 
variable 15     0.008913     0.026082     0.007883     0.033339     0.005055     0.081095 
variable 16     0.000098     0.080883     0.000076     0.135924     0.000062     0.204848 

=================================================== 
MCMC CONVERGENCE diagnostics for chain number  3 
Based on sample size =       5001 
=================================================== 
Autocorrelation for each parameter 
Variable           Lag 1        Lag 5       Lag 10       Lag 25 
variable 1         0.954        0.795        0.630        0.326 
variable 2         0.968        0.859        0.756        0.546 
variable 3         0.967        0.853        0.737        0.512 
variable 4         0.969        0.861        0.758        0.521 
variable 5         0.961        0.834        0.704        0.430 
variable 6         0.965        0.827        0.677        0.515 
variable 7         0.964        0.841        0.722        0.445 
variable 8         0.961        0.825        0.694        0.441 
variable 9         0.964        0.829        0.689        0.407 
variable 10        0.963        0.827        0.684        0.387 
variable 11        0.949        0.784        0.641        0.340 
variable 12        0.959        0.817        0.672        0.444 
variable 13        0.959        0.806        0.639        0.314 
variable 14        0.967        0.856        0.737        0.482 
variable 15        0.957        0.796        0.649        0.367 
variable 16        0.950        0.761        0.584        0.299 

Raftery-Lewis Diagnostics for each parameter 
(q=0.025000, r=0.010000, s=0.950000)
Variable          Thin       Burn   Total(N)     (Nmin)     I-stat 
variable 1           1         42      11481        937     12.253 
variable 2           1         42      11481        937     12.253 
variable 3           1         42      11481        937     12.253 
variable 4           1         42      11481        937     12.253 
variable 5           1         42      11481        937     12.253 
variable 6           1         42      11481        937     12.253 
variable 7           1         42      11481        937     12.253 
variable 8           1         42      11481        937     12.253 
variable 9           1         42      11481        937     12.253 
variable 10          1         42      11481        937     12.253 
variable 11          1         42      11481        937     12.253 
variable 12          1         42      11481        937     12.253 
variable 13          1         42      11481        937     12.253 
variable 14          1         42      11481        937     12.253 
variable 15          1         42      11481        937     12.253 
variable 16          1         42      11481        937     12.253 

Geweke Diagnostics for each parameter 
Variable            Mean      std dev      NSE iid      RNE iid 
variable 1      0.440170     0.276199     0.003906     1.000000 
variable 2     -0.212105     0.032960     0.000466     1.000000 
variable 3     12.111829    12.633277     0.178662     1.000000 
variable 4      0.942289     0.047914     0.000678     1.000000 
variable 5      0.047763     0.042182     0.000597     1.000000 
variable 6      1.223084     1.171318     0.016565     1.000000 
variable 7      0.581872     0.167103     0.002363     1.000000 
variable 8    407.583850   246.194460     3.481715     1.000000 
variable 9      0.110676     0.052243     0.000739     1.000000 
variable 10   641.780617   249.333891     3.526114     1.000000 
variable 11     0.658529     0.057937     0.000819     1.000000 
variable 12     0.050154     0.013057     0.000185     1.000000 
variable 13    42.157556     8.216095     0.116193     1.000000 
variable 14     0.151666     0.111238     0.001573     1.000000 
variable 15     1.084789     0.097349     0.001377     1.000000 
variable 16     0.501497     0.001764     0.000025     1.000000 

Variable          NSE 4%       RNE 4%       NSE 8%       RNE 8%      NSE 15%      RNE 15% 
variable 1      0.021517     0.032955     0.016407     0.056681     0.012373     0.099661 
variable 2      0.002713     0.029511     0.002623     0.031581     0.001985     0.055154 
variable 3      1.287981     0.019242     0.838007     0.045453     0.717722     0.061965 
variable 4      0.004494     0.022732     0.003892     0.030307     0.002936     0.053274 
variable 5      0.003658     0.026591     0.003172     0.035368     0.003139     0.036111 
variable 6      0.122115     0.018401     0.111194     0.022193     0.111998     0.021876 
variable 7      0.014506     0.026540     0.015360     0.023672     0.014959     0.024956 
variable 8     13.710836     0.064485    13.380029     0.067713     9.234833     0.142144 
variable 9      0.005203     0.020166     0.004956     0.022228     0.003777     0.038260 
variable 10    13.218253     0.071161    10.442555     0.114019     8.423309     0.175238 
variable 11     0.004468     0.033636     0.003436     0.056857     0.002847     0.082820 
variable 12     0.000952     0.037635     0.000631     0.085770     0.000590     0.097917 
variable 13     0.594725     0.038171     0.462177     0.063204     0.376443     0.095271 
variable 14     0.010844     0.021045     0.008403     0.035051     0.004511     0.121619 
variable 15     0.006336     0.047221     0.006423     0.045943     0.005639     0.059610 
variable 16     0.000160     0.024312     0.000173     0.020894     0.000117     0.045340 

===================== End MT-DREAM_ZS diagnostics file ====================
