========================= MT-DREAM_ZS output file =========================

TABLE 1: MT-DREAM_ZS POSTERIOR PARAMETER STATISTICS
|-----------------------------------------------------|
| Parameter      ML        MAP      MEAN      STD     |
|-----------------------------------------------------|
|   x_{1}      +0.151    +0.151    +0.433    +0.277   |
|   x_{2}      -0.228    -0.228    -0.217    +0.030   |
|   x_{3}      +9.093    +9.093   +11.065   +12.081   |
|   x_{4}      +0.938    +0.938    +0.941    +0.056   |
|   x_{5}      +0.006    +0.006    +0.054    +0.049   |
|   x_{6}      +1.156    +1.156    +1.144    +1.380   |
|   x_{7}      +0.583    +0.583    +0.569    +0.165   |
|   x_{8}    +538.231  +538.231  +400.781  +238.314   |
|   x_{9}      +0.023    +0.023    +0.103    +0.051   |
|   x_{10}   +707.049  +707.049  +645.121  +241.752   |
|   x_{11}     +0.697    +0.697    +0.657    +0.062   |
|   x_{12}     +0.049    +0.049    +0.047    +0.013   |
|   x_{13}    +36.288   +36.288   +43.041    +7.970   |
|   x_{14}     +0.236    +0.236    +0.142    +0.118   |
|   x_{15}     +1.011    +1.011    +1.091    +0.109   |
|   x_{16}     +0.501    +0.501    +0.502    +0.002   |
|-----------------------------------------------------|
ML: Maximum Likelihood values
MAP: Maximum A-Posteriori density values
MEAN: Posterior mean values
STD: Posterior standard deviation

TABLE 2: MT-DREAM_ZS POSTERIOR CORRELATION COEFFICIENTS
|-----------------------------------------------------------------------------------------------------------------------------------------------------------|
|             x_{1}    x_{2}    x_{3}    x_{4}    x_{5}    x_{6}    x_{7}    x_{8}    x_{9}   x_{10}   x_{11}   x_{12}   x_{13}   x_{14}   x_{15}   x_{16}  |
|   x_{1}     1.00     0.07    -0.09     0.05     0.10     0.04    -0.06    -0.06     0.16    -0.06    -0.05    -0.06    -0.06     0.01    -0.03     0.06   |
|   x_{2}     0.07     1.00     0.27    -0.13    -0.02    -0.12     0.03     0.08    -0.03     0.13     0.15     0.29     0.06    -0.17     0.01     0.09   |
|   x_{3}    -0.09     0.27     1.00     0.23    -0.19    -0.05     0.04    -0.03     0.04    -0.03     0.00     0.17     0.09    -0.06     0.16     0.03   |
|   x_{4}     0.05    -0.13     0.23     1.00     0.03     0.02    -0.32    -0.06     0.03    -0.16    -0.48    -0.34     0.12     0.75     0.05     0.02   |
|   x_{5}     0.10    -0.02    -0.19     0.03     1.00     0.12     0.06     0.03     0.04     0.04    -0.03    -0.01     0.10    -0.14    -0.02     0.12   |
|   x_{6}     0.04    -0.12    -0.05     0.02     0.12     1.00     0.47    -0.08    -0.06    -0.05    -0.34     0.18    -0.22    -0.02     0.01     0.16   |
|   x_{7}    -0.06     0.03     0.04    -0.32     0.06     0.47     1.00    -0.07     0.03     0.04     0.34     0.57     0.14    -0.31     0.11     0.13   |
|   x_{8}    -0.06     0.08    -0.03    -0.06     0.03    -0.08    -0.07     1.00    -0.08     0.63     0.05     0.05    -0.07    -0.07     0.02     0.01   |
|   x_{9}     0.16    -0.03     0.04     0.03     0.04    -0.06     0.03    -0.08     1.00     0.04     0.11     0.02     0.00     0.09     0.08     0.04   |
|  x_{10}    -0.06     0.13    -0.03    -0.16     0.04    -0.05     0.04     0.63     0.04     1.00     0.10     0.07     0.01    -0.15     0.02     0.03   |
|  x_{11}    -0.05     0.15     0.00    -0.48    -0.03    -0.34     0.34     0.05     0.11     0.10     1.00     0.31    -0.04    -0.33    -0.02     0.01   |
|  x_{12}    -0.06     0.29     0.17    -0.34    -0.01     0.18     0.57     0.05     0.02     0.07     0.31     1.00    -0.32    -0.22     0.02     0.01   |
|  x_{13}    -0.06     0.06     0.09     0.12     0.10    -0.22     0.14    -0.07     0.00     0.01    -0.04    -0.32     1.00    -0.10     0.32     0.11   |
|  x_{14}     0.01    -0.17    -0.06     0.75    -0.14    -0.02    -0.31    -0.07     0.09    -0.15    -0.33    -0.22    -0.10     1.00    -0.04    -0.05   |
|  x_{15}    -0.03     0.01     0.16     0.05    -0.02     0.01     0.11     0.02     0.08     0.02    -0.02     0.02     0.32    -0.04     1.00     0.34   |
|  x_{16}     0.06     0.09     0.03     0.02     0.12     0.16     0.13     0.01     0.04     0.03     0.01     0.01     0.11    -0.05     0.34     1.00   |
|-----------------------------------------------------------------------------------------------------------------------------------------------------------|

======================= End MT-DREAM_ZS output file =======================
